# Blender v3.1.2 OBJ File: 'human.blend'
# www.blender.org
mtllib jumpL.mtl
o 立方体
v 0.722081 6.559469 -1.052928
v 0.722081 8.559469 -1.052928
v 0.838981 6.559469 0.943653
v 0.838981 8.559469 0.943653
v -1.274500 6.559469 -0.936028
v -1.274500 8.559469 -0.936028
v -1.157600 6.559469 1.060553
v -1.157600 8.559469 1.060553
vt 0.625000 0.000000
vt 0.375000 0.250000
vt 0.375000 0.000000
vt 0.625000 0.250000
vt 0.375000 0.500000
vt 0.625000 0.500000
vt 0.375000 0.750000
vt 0.625000 0.750000
vt 0.375000 1.000000
vt 0.125000 0.750000
vt 0.125000 0.500000
vt 0.875000 0.500000
vt 0.625000 1.000000
vt 0.875000 0.750000
vn 0.9983 0.0000 -0.0585
vn 0.0585 0.0000 0.9983
vn -0.9983 0.0000 0.0585
vn -0.0585 0.0000 -0.9983
vn 0.0000 -1.0000 0.0000
vn 0.0000 1.0000 0.0000
usemtl None
s off
f 2/1/1 3/2/1 1/3/1
f 4/4/2 7/5/2 3/2/2
f 8/6/3 5/7/3 7/5/3
f 6/8/4 1/9/4 5/7/4
f 7/5/5 1/10/5 3/11/5
f 4/12/6 6/8/6 8/6/6
f 2/1/1 4/4/1 3/2/1
f 4/4/2 8/6/2 7/5/2
f 8/6/3 6/8/3 5/7/3
f 6/8/4 2/13/4 1/9/4
f 7/5/5 5/7/5 1/10/5
f 4/12/6 2/14/6 6/8/6
o 立方体.001
v 0.155622 5.842196 -0.420750
v 0.155622 6.652048 -0.420750
v 0.202617 5.842196 0.381900
v 0.202617 6.652048 0.381900
v -0.638136 5.842196 -0.374275
v -0.638136 6.652048 -0.374275
v -0.591141 5.842196 0.428374
v -0.591141 6.652048 0.428374
vt 0.625000 0.000000
vt 0.375000 0.250000
vt 0.375000 0.000000
vt 0.625000 0.250000
vt 0.375000 0.500000
vt 0.625000 0.500000
vt 0.375000 0.750000
vt 0.625000 0.750000
vt 0.375000 1.000000
vt 0.125000 0.750000
vt 0.125000 0.500000
vt 0.875000 0.500000
vt 0.625000 1.000000
vt 0.875000 0.750000
vn 0.9983 0.0000 -0.0585
vn 0.0585 0.0000 0.9983
vn -0.9983 0.0000 0.0585
vn -0.0585 0.0000 -0.9983
vn 0.0000 -1.0000 -0.0000
vn 0.0000 1.0000 0.0000
usemtl None
s off
f 10/15/7 11/16/7 9/17/7
f 12/18/8 15/19/8 11/16/8
f 16/20/9 13/21/9 15/19/9
f 14/22/10 9/23/10 13/21/10
f 15/19/11 9/24/11 11/25/11
f 12/26/12 14/22/12 16/20/12
f 10/15/7 12/18/7 11/16/7
f 12/18/8 16/20/8 15/19/8
f 16/20/9 14/22/9 13/21/9
f 14/22/10 10/27/10 9/23/10
f 15/19/11 13/21/11 9/24/11
f 12/26/12 10/28/12 14/22/12
o 立方体.002
v 0.679863 1.937700 -1.773983
v 0.679863 5.885768 -1.773983
v 0.881199 1.937700 1.664707
v 0.881199 5.885768 1.664707
v -1.316718 1.937700 -1.657083
v -1.316718 5.885768 -1.657083
v -1.115382 1.937700 1.781608
v -1.115382 5.885768 1.781608
vt 0.625000 0.000000
vt 0.375000 0.250000
vt 0.375000 0.000000
vt 0.625000 0.250000
vt 0.375000 0.500000
vt 0.625000 0.500000
vt 0.375000 0.750000
vt 0.625000 0.750000
vt 0.375000 1.000000
vt 0.125000 0.750000
vt 0.125000 0.500000
vt 0.875000 0.500000
vt 0.625000 1.000000
vt 0.875000 0.750000
vn 0.9983 0.0000 -0.0585
vn 0.0585 0.0000 0.9983
vn -0.9983 0.0000 0.0585
vn -0.0585 0.0000 -0.9983
vn 0.0000 -1.0000 -0.0000
vn 0.0000 1.0000 0.0000
usemtl None
s off
f 18/29/13 19/30/13 17/31/13
f 20/32/14 23/33/14 19/30/14
f 24/34/15 21/35/15 23/33/15
f 22/36/16 17/37/16 21/35/16
f 23/33/17 17/38/17 19/39/17
f 20/40/18 22/36/18 24/34/18
f 18/29/13 20/32/13 19/30/13
f 20/32/14 24/34/14 23/33/14
f 24/34/15 22/36/15 21/35/15
f 22/36/16 18/41/16 17/37/16
f 23/33/17 21/35/17 17/38/17
f 20/40/18 18/42/18 22/36/18
o 立方体.004
v 0.904173 7.870305 2.651476
v 0.955438 7.854722 1.578082
v -0.690884 5.163021 2.614598
v -0.639620 5.147439 1.541204
v 1.777351 7.355182 2.700656
v 1.828615 7.339600 1.627262
v 0.182293 4.647898 2.663778
v 0.233558 4.632316 1.590384
vt 0.625000 0.000000
vt 0.375000 0.250000
vt 0.375000 0.000000
vt 0.625000 0.250000
vt 0.375000 0.500000
vt 0.625000 0.500000
vt 0.375000 0.750000
vt 0.625000 0.750000
vt 0.375000 1.000000
vt 0.125000 0.750000
vt 0.125000 0.500000
vt 0.875000 0.500000
vt 0.625000 1.000000
vt 0.875000 0.750000
vn -0.8603 0.5075 -0.0485
vn -0.5076 -0.8615 -0.0117
vn 0.8603 -0.5075 0.0485
vn 0.5076 0.8615 0.0117
vn -0.0477 0.0145 0.9988
vn 0.0477 -0.0145 -0.9988
usemtl None
s off
f 26/43/19 27/44/19 25/45/19
f 28/46/20 31/47/20 27/44/20
f 32/48/21 29/49/21 31/47/21
f 30/50/22 25/51/22 29/49/22
f 31/47/23 25/52/23 27/53/23
f 28/54/24 30/50/24 32/48/24
f 26/43/19 28/46/19 27/44/19
f 28/46/20 32/48/20 31/47/20
f 32/48/21 30/50/21 29/49/21
f 30/50/22 26/55/22 25/51/22
f 31/47/23 29/49/23 25/52/23
f 28/54/24 26/56/24 30/50/24
o 立方体.005
v -0.027225 -1.129404 -0.292185
v -0.083842 -1.114418 -1.365340
v 1.165816 1.782988 -0.314458
v 1.109199 1.797974 -1.387613
v -0.964947 -0.744853 -0.237343
v -1.021564 -0.729868 -1.310498
v 0.228094 2.167538 -0.259616
v 0.171477 2.182524 -1.332771
vt 0.625000 0.000000
vt 0.375000 0.250000
vt 0.375000 0.000000
vt 0.625000 0.250000
vt 0.375000 0.500000
vt 0.625000 0.500000
vt 0.375000 0.750000
vt 0.625000 0.750000
vt 0.375000 1.000000
vt 0.125000 0.750000
vt 0.125000 0.500000
vt 0.875000 0.500000
vt 0.625000 1.000000
vt 0.875000 0.750000
vn 0.9239 -0.3789 -0.0540
vn 0.3791 0.9253 -0.0071
vn -0.9239 0.3789 0.0540
vn -0.3791 -0.9253 0.0071
vn 0.0527 -0.0139 0.9985
vn -0.0527 0.0139 -0.9985
usemtl None
s off
f 34/57/25 35/58/25 33/59/25
f 36/60/26 39/61/26 35/58/26
f 40/62/27 37/63/27 39/61/27
f 38/64/28 33/65/28 37/63/28
f 39/61/29 33/66/29 35/67/29
f 36/68/30 38/64/30 40/62/30
f 34/57/25 36/60/25 35/58/25
f 36/60/26 40/62/26 39/61/26
f 40/62/27 38/64/27 37/63/27
f 38/64/28 34/69/28 33/65/28
f 39/61/29 37/63/29 33/66/29
f 36/68/30 34/70/30 38/64/30
o 立方体.006_立方体.007
v -1.648641 -0.886774 1.558355
v -1.701741 -0.874035 0.484991
v 0.233681 1.634881 1.495164
v 0.180581 1.647620 0.421800
v -2.460557 -0.279521 1.605728
v -2.513657 -0.266782 0.532364
v -0.578236 2.242133 1.542537
v -0.631336 2.254873 0.469173
vt 0.625000 0.000000
vt 0.375000 0.250000
vt 0.375000 0.000000
vt 0.625000 0.250000
vt 0.375000 0.500000
vt 0.625000 0.500000
vt 0.375000 0.750000
vt 0.625000 0.750000
vt 0.375000 1.000000
vt 0.125000 0.750000
vt 0.125000 0.500000
vt 0.875000 0.500000
vt 0.625000 1.000000
vt 0.875000 0.750000
vn 0.7999 -0.5983 -0.0467
vn 0.5981 0.8012 -0.0201
vn -0.7999 0.5983 0.0467
vn -0.5981 -0.8012 0.0201
vn 0.0494 -0.0119 0.9987
vn -0.0494 0.0119 -0.9987
usemtl None
s off
f 42/71/31 43/72/31 41/73/31
f 44/74/32 47/75/32 43/72/32
f 48/76/33 45/77/33 47/75/33
f 46/78/34 41/79/34 45/77/34
f 47/75/35 41/80/35 43/81/35
f 44/82/36 46/78/36 48/76/36
f 42/71/31 44/74/31 43/72/31
f 44/74/32 48/76/32 47/75/32
f 48/76/33 46/78/33 45/77/33
f 46/78/34 42/83/34 41/79/34
f 47/75/35 45/77/35 41/80/35
f 44/82/36 42/84/36 46/78/36
o 立方体.003_立方体.008
v 0.640622 7.870305 -1.788021
v 0.691887 7.854722 -2.861415
v -0.954436 5.163021 -1.824899
v -0.903171 5.147439 -2.898293
v 1.513800 7.355182 -1.738841
v 1.565064 7.339600 -2.812235
v -0.081258 4.647898 -1.775719
v -0.029994 4.632316 -2.849113
vt 0.625000 0.000000
vt 0.375000 0.250000
vt 0.375000 0.000000
vt 0.625000 0.250000
vt 0.375000 0.500000
vt 0.625000 0.500000
vt 0.375000 0.750000
vt 0.625000 0.750000
vt 0.375000 1.000000
vt 0.125000 0.750000
vt 0.125000 0.500000
vt 0.875000 0.500000
vt 0.625000 1.000000
vt 0.875000 0.750000
vn -0.8603 0.5075 -0.0485
vn -0.5076 -0.8615 -0.0117
vn 0.8603 -0.5075 0.0485
vn 0.5076 0.8615 0.0117
vn -0.0477 0.0145 0.9988
vn 0.0477 -0.0145 -0.9988
usemtl None
s off
f 50/85/37 51/86/37 49/87/37
f 52/88/38 55/89/38 51/86/38
f 56/90/39 53/91/39 55/89/39
f 54/92/40 49/93/40 53/91/40
f 55/89/41 49/94/41 51/95/41
f 52/96/42 54/92/42 56/90/42
f 50/85/37 52/88/37 51/86/37
f 52/88/38 56/90/38 55/89/38
f 56/90/39 54/92/39 53/91/39
f 54/92/40 50/97/40 49/93/40
f 55/89/41 53/91/41 49/94/41
f 52/96/42 50/98/42 54/92/42
